[
    [
        0.0,
        0.5275321751061451,
        0.953205744492783,
        0.571126390448755,
        0.7889654943911384,
        0.49320077225191283,
        0.7721889519625125,
        0.588443884060647,
        0.5293341658683297,
        0.10432987464887478,
        0.9840198325051388,
        0.1996700395161165,
        0.3367690237975365,
        0.11791676485887681,
        0.3081011911586279,
        0.10980553760999856,
        0.6503397436221967,
        0.0483756986716134,
        0.6352523181272945,
        0.14976127151796614,
        0.7657145829342065,
        0.923867313202264,
        0.7934939709095165,
        0.05084691831148058,
        0.9160587806274105,
        0.08017590295959864,
        0.11589673556423696,
        0.7140259529402849,
        0.03322405970998765,
        0.5419703368634597,
        0.9017693995391821,
        0.608384695317287,
        0.966029236480116,
        0.23195924010037272,
        0.7474086857484539,
        0.004560212023641208,
        0.0995867602519398,
        0.4551477566455866,
        0.7705866675316979,
        0.9019614624182765,
        0.7518964010322289,
        0.61069771126774,
        0.6033360419704903,
        0.6522220513664779,
        0.7448207167704065,
        0.871116690946535,
        0.6811175185897909,
        0.31712103415844717,
        0.9155989167989956,
        0.43230223028262016,
        0.711051689148449,
        0.011673752271544768,
        0.44878602603827256,
        0.5795476879699868,
        0.23743966185749377,
        0.141777208303973,
        0.12141994128794131,
        0.4032002794175459,
        0.6307041396974917,
        0.9732290426955148,
        0.7838894733385678,
        0.6626653003314029,
        0.3910391402078608,
        0.9866129300615231,
        0.7237125200720794,
        0.3311371016876171,
        0.6585081794509451,
        0.7807335834377803,
        0.09302341243582912,
        0.5320957203746053,
        0.4394556519286502,
        0.6095909143456958,
        0.010101488567836103,
        0.0845561226855921,
        0.7840387859007402,
        0.35558013109798436,
        0.22666489559997272,
        0.11800893786856104,
        0.4811359442275547,
        0.5949954038994592,
        0.7850839412493025,
        0.11489582954403021,
        0.6540959938976642,
        0.24803418125673626,
        0.33381147733608507,
        0.20200651535706904,
        0.08914357424070607,
        0.6364820872141039,
        0.38214811045669317,
        0.0829675035946742,
        0.7851161151680035,
        0.4345956822837287,
        0.46901922918673244,
        0.5401263278011899,
        0.9183275143118186,
        0.7101308197366406,
        0.005565280878002232,
        0.9981980734433789,
        0.31564159636495615,
        0.9246751491107346
    ],
    [
        0.5275321751061451,
        0.0,
        0.7883376829093685,
        0.44331502906581877,
        0.8567567740065841,
        0.18771335059149596,
        0.9744383969654671,
        0.15138978155104998,
        0.3980482369379802,
        0.6902993542765973,
        0.09479518713256951,
        0.5772176360289132,
        0.13346107778466154,
        0.9668005808323537,
        0.2622833996989937,
        0.08078515362721683,
        0.8942781234574839,
        0.35298304777466505,
        0.8844282967535855,
        0.7292961390240281,
        0.75357435796456,
        0.34802085924780335,
        0.924546782748621,
        0.25353368516150865,
        0.43965296565996725,
        0.4464386776885426,
        0.6971822613677087,
        0.6706021064700687,
        0.009280679451670326,
        0.4418591851376207,
        0.5009500266625937,
        0.5340156412071404,
        0.6235323012220124,
        0.7268756901134779,
        0.45180852186192577,
        0.6467583054704473,
        0.0006862201244517419,
        0.3079000781024491,
        0.17327186247315363,
        0.07763935463326599,
        0.6027442458852761,
        0.8269921977084882,
        0.6490992804903943,
        0.8920653272310399,
        0.842917521623161,
        0.5123537216846196,
        0.7661631624339053,
        0.4120500913785703,
        0.5303916504623984,
        0.3093870117811873,
        0.5821701499539761,
        0.2493095765809925,
        0.8612547000723563,
        0.18835423859382305,
        0.5371252977176147,
        0.5401327950198861,
        0.34082614935686584,
        0.5086177704011013,
        0.25432487688463856,
        0.23829115557194458,
        0.6247873989470024,
        0.18116266241090018,
        0.8481922542937365,
        0.14764253964538743,
        0.7566676802315685,
        0.9131666511638202,
        0.8177592017480471,
        0.7646746694484728,
        0.22130301885669412,
        0.15254344132200293,
        0.032471439351268505,
        0.1709257343923356,
        0.6282821668098679,
        0.5726420344119579,
        0.15426427628369188,
        0.565218158141373,
        0.6714737351909392,
        0.15763366796545308,
        0.28382923382158454,
        0.8520707723619155,
        0.11413464367129988,
        0.2529092903961302,
        0.4806439126894311,
        0.23559570429518717,
        0.6804428158731098,
        0.9485855454752629,
        0.10949002592336232,
        0.77199758853252,
        0.9446603190900807,
        0.5137546237581003,
        0.8600927000240596,
        0.1470108670124265,
        0.020964714457389344,
        0.10443144380827574,
        0.42223754746378683,
        0.7207950422798093,
        0.5061571546330375,
        0.6866140190563519,
        0.5231118228089054,
        0.23904340087048281
    ],
    [
        0.953205744492783,
        0.7883376829093685,
        0.0,
        0.6235584198073318,
        0.046113692501029147,
        0.22017499809196794,
        0.5144770342417329,
        0.09921278428882696,
        0.8365528252726575,
        0.9048392239427918,
        0.7810301101787901,
        0.1885857492946138,
        0.9365165562565261,
        0.6935882799933696,
        0.03170903453254914,
        0.6334281918459842,
        0.17952569321899858,
        0.13859796204327457,
        0.5211534489211245,
        0.5391310336625398,
        0.815625227936498,
        0.7450453788367962,
        0.41213314575523774,
        0.4543673277620819,
        0.9455496311581375,
        0.4194877479086774,
        0.06868827165353375,
        0.4790817780578748,
        0.8834755988686732,
        0.48460245338847063,
        0.19185541316600663,
        0.670436702574225,
        0.3127204449078891,
        0.8621697079230333,
        0.5222059699566337,
        0.5752758579015157,
        0.3558755591732472,
        0.6015359116306435,
        0.12837988877159012,
        0.6437973315313216,
        0.878729758845214,
        0.35552016436983636,
        0.9882510888359253,
        0.6213694776328664,
        0.5441015046813001,
        0.8362322419955,
        0.3579932301423364,
        0.7102807928376366,
        0.18023845079603695,
        0.9075370950875178,
        0.6947906021690853,
        0.5419065514129993,
        0.855549076497067,
        0.8778759662725556,
        0.7692599911078923,
        0.3936281792483528,
        0.8608761956227984,
        0.5396674065214178,
        0.4563305792831589,
        0.6276340785539447,
        0.761345212050281,
        0.4444039727919309,
        0.6705789167885444,
        0.7735565667571527,
        0.2646264333454408,
        0.06957361962528141,
        0.12622204000621184,
        0.39395742102472064,
        0.04583583014204251,
        0.3906622561658012,
        0.6689196202248926,
        0.06612633708739601,
        0.5889309569104944,
        0.9254316769482496,
        0.25972269192151676,
        0.9056851388332684,
        0.9462214077738144,
        0.966150437409436,
        0.2678850755811657,
        0.6641251040795316,
        0.9961790832915092,
        0.6338982114550628,
        0.6130668559488043,
        0.5775369150352045,
        0.30499758872516913,
        0.07541088751855518,
        0.9767656634497933,
        0.9621322132309076,
        0.045993367049144473,
        0.13892816486563353,
        0.6289936123313711,
        0.8644613299346207,
        0.3370250831127639,
        0.7712423192533212,
        0.05167906131529765,
        0.7030719411135861,
        0.22720295549101177,
        0.38925488094267435,
        0.831855935665457,
        0.8644437701164285
    ],
    [
        0.571126390448755,
        0.44331502906581877,
        0.6235584198073318,
        0.0,
        0.9125250642641218,
        0.9785350784638723,
        0.811502517426113,
        0.6884770167183711,
        0.21136712621510345,
        0.9130903028141161,
        0.9130058132474713,
        0.7835463979279031,
        0.006466690615367643,
        0.5873828755865153,
        0.5865510058055469,
        0.013417527096435733,
        0.8018596875574523,
        0.4998029721316377,
        0.4126679462486532,
        0.6831029056231945,
        0.9848105857294466,
        0.3822773244952291,
        0.7652565887078357,
        0.949203685703004,
        0.8838029369308054,
        0.8957533098105952,
        0.9201215687648759,
        0.9096114384251432,
        0.3417997093076851,
        0.7478955164158503,
        0.8260467076876123,
        0.2738742761721681,
        0.8565283247436363,
        0.39192502462302725,
        0.8048768142489686,
        0.7444336881287008,
        0.11002789475385244,
        0.13755473485116787,
        0.1982053667655913,
        0.770701130225216,
        0.876439502122802,
        0.19945223606818097,
        0.710961558294708,
        0.8625687295053216,
        0.5381219016311858,
        0.2776278917929448,
        0.21696624041761048,
        0.21785633020583783,
        0.7835485180876919,
        0.9551789003993075,
        0.22300144348558837,
        0.2205933932869344,
        0.7372478127914098,
        0.4865080393920581,
        0.6476394964865676,
        0.2527785577481463,
        0.9442082466088557,
        0.7810615600117786,
        0.26697188714813846,
        0.4870283526273903,
        0.8560909813235192,
        0.6914559311852884,
        0.2523981610810331,
        0.16078912396119827,
        0.2414789019045206,
        0.48789986642251926,
        0.5153721820060206,
        0.7700061704429584,
        0.06580993996996765,
        0.2934883612923843,
        0.8027020328933142,
        0.4042105798069905,
        0.584693740382814,
        0.36416969783517095,
        0.29787544334062543,
        0.1828455754365742,
        0.7569607095281639,
        0.163221519586495,
        0.9527364210628048,
        0.29546763125809883,
        0.7695021624091678,
        0.6703381773726578,
        0.1765068989356725,
        0.6578478554573339,
        0.22049731231999437,
        0.8984744146205359,
        0.7805238189776038,
        0.45556797554428774,
        0.7610892229797206,
        0.9817633118357648,
        0.2926585960053777,
        0.9240151393662819,
        0.5168412583621795,
        0.9335772173330364,
        0.2561794671269033,
        0.6987498453996415,
        0.9996830350282613,
        0.7375116628764555,
        0.5661958678819864,
        0.3392356373147979
    ],
    [
        0.7889654943911384,
        0.8567567740065841,
        0.046113692501029147,
        0.9125250642641218,
        0.0,
        0.31663444192972745,
        0.19934838575975222,
        0.5039114339826282,
        0.8070606711935258,
        0.7280168012023497,
        0.565747384903648,
        0.48214219390729673,
        0.9265575722559108,
        0.47072063194932534,
        0.039312704058824366,
        0.8274352697246308,
        0.4249935907336331,
        0.36366527257320946,
        0.8677416668946071,
        0.4508889175619364,
        0.958008207674151,
        0.4286218531260506,
        0.3412304824705997,
        0.2301344443700386,
        0.6419006215645805,
        0.023253361296234676,
        0.6814796241532297,
        0.3069322206902083,
        0.9615600145492409,
        0.8899468604221885,
        0.2548977009326232,
        0.41015235635501435,
        0.03712171532915276,
        0.30771015529421775,
        0.82234835531699,
        0.047862075944093974,
        0.838599404801478,
        0.864656122770132,
        0.24155383563555544,
        0.473744048363561,
        0.26486356766788777,
        0.9858733488134823,
        0.8076636497367646,
        0.06486952437427107,
        0.2175529379888408,
        0.7751485506901177,
        0.9531301890325928,
        0.35576738691733134,
        0.9175256320770684,
        0.2744753899165385,
        0.7203958525148092,
        0.7861839055313348,
        0.24297372871755119,
        0.6363150758479579,
        0.41617902449136135,
        0.41031586976684287,
        0.4123958291216894,
        0.5046497616663099,
        0.5179543957235239,
        0.37887365712584586,
        0.7562894098265751,
        0.18093234172666772,
        0.5348053593580094,
        0.7043125885496638,
        0.9281413438924431,
        0.44246772442492577,
        0.4354265459920934,
        0.8688583370682058,
        0.24700077204247772,
        0.7542573379343077,
        0.3196925950130396,
        0.9880454130437839,
        0.011001065764833062,
        0.08229846432013854,
        0.4398926367471975,
        0.8597467887112344,
        0.6932116222109082,
        0.05417410947766654,
        0.8142361227679923,
        0.1599984529870303,
        0.9826696473789615,
        0.3999971619823848,
        0.991271872289705,
        0.8065244906445169,
        0.14157273704111428,
        0.24876205210280666,
        0.7331698370808887,
        0.6930968860572291,
        0.16406357275529815,
        0.20710458445958257,
        0.11923307199486521,
        0.6237952187444066,
        0.06039109584347202,
        0.9894271825298745,
        0.9278540130125402,
        0.10897795424136436,
        0.45618957063450816,
        0.8252435067284039,
        0.4210797274031961,
        0.36457354923243523
    ],
    [
        0.49320077225191283,
        0.18771335059149596,
        0.22017499809196794,
        0.9785350784638723,
        0.31663444192972745,
        0.0,
        0.5142585960052292,
        0.0503904241756844,
        0.9771423752689116,
        0.10526412604898949,
        0.27921623872902157,
        0.5324615846468888,
        0.04675348800742141,
        0.8312765346235452,
        0.4078142201734767,
        0.21040128152091198,
        0.9112424087064858,
        0.43123731332941384,
        0.3601413837009726,
        0.005284065908401803,
        0.9097278703488593,
        0.47343553553711193,
        0.34399321979196074,
        0.8980493732471598,
        0.2899773418636271,
        0.34178184755784236,
        0.8506145878710982,
        0.10693734845808289,
        0.4918438013565777,
        0.7820043444590341,
        0.7766590892181361,
        0.07581121876581365,
        0.29722504457632626,
        0.08254761574718028,
        0.7172022292710353,
        0.9266298453972688,
        0.334770571631979,
        0.3491322424137313,
        0.9727690583421057,
        0.7875222291580064,
        0.3195097801649749,
        0.8157509418558091,
        0.6091702478964358,
        0.4591008961336447,
        0.9480632217589529,
        0.2663139072671056,
        0.7071988320085787,
        0.5141602796809998,
        0.13321898679267496,
        0.0312887022737417,
        0.2637055832814895,
        0.3619367714423136,
        0.056736674554652256,
        0.1671140792441551,
        0.26665945638730926,
        0.8222194598076028,
        0.40938071997279746,
        0.4172230689005243,
        0.07166493114556272,
        0.22255064829648175,
        0.6571265997978548,
        0.014586131823983939,
        0.3314083649757291,
        0.7452384849874266,
        0.15138531214924011,
        0.40675469016296073,
        0.08104687788174325,
        0.4917982321540305,
        0.10269386503524325,
        0.046626517596907835,
        0.5618084300672802,
        0.8732684488913303,
        0.0764545165267897,
        0.493449928744055,
        0.266569443985355,
        0.2944936516027329,
        0.23062984183226642,
        0.04992207824327677,
        0.6910685431772551,
        0.19354412553968459,
        0.13881276247829077,
        0.4553933368538394,
        0.02509224391839404,
        0.9275292114222421,
        0.879458894277707,
        0.9070909204734158,
        0.13933573897553697,
        0.4782126671564274,
        0.011480415789723253,
        0.6906105926089756,
        0.817054359965468,
        0.21160538570776777,
        0.037064050432184414,
        0.41143224555158264,
        0.2266988648614281,
        0.2845967496236407,
        0.5371007619338036,
        0.17966447607086866,
        0.6307729780772102,
        0.11893178952319572
    ],
    [
        0.7721889519625125,
        0.9744383969654671,
        0.5144770342417329,
        0.811502517426113,
        0.19934838575975222,
        0.5142585960052292,
        0.0,
        0.46794638203788974,
        0.2836791375274881,
        0.1467144269069307,
        0.42121225894363656,
        0.2429107202365377,
        0.5275696290943984,
        0.16493617974925956,
        0.9302214616769602,
        0.836039368232699,
        0.1606797500320346,
        0.846727376251299,
        0.9092621126838094,
        0.1585188366596768,
        0.8199398319162576,
        0.7981572079521528,
        0.22216198460783254,
        0.7412121722242832,
        0.055565691972346176,
        0.1133178596270118,
        0.2517167611342791,
        0.3360554905638462,
        0.3088299862790933,
        0.5423214095055988,
        0.7061724291805568,
        0.2744423669913333,
        0.5133382873523072,
        0.1899297615756067,
        0.980804615909608,
        0.03422700656750555,
        0.5358472012389426,
        0.1163386008831303,
        0.7260681021319209,
        0.587221972973493,
        0.2803823968244433,
        0.3090012372425205,
        0.156480212824182,
        0.23893686559131577,
        0.6573133782603195,
        0.16163669762279875,
        0.7109537032845484,
        0.30762754524321256,
        0.6338546254548947,
        0.1998515939031752,
        0.9935244867261936,
        0.8421901111230313,
        0.9658077689310639,
        0.3797441150502926,
        0.6213478662923326,
        0.02120949522282589,
        0.16418271028599285,
        0.43210862354892965,
        0.17977872251467453,
        0.6548704687661258,
        0.8706506734445062,
        0.7960433833268628,
        0.7915463630121872,
        0.12468920234583769,
        0.3536607958349579,
        0.7683727108446033,
        0.24570808007421585,
        0.03790680714632233,
        0.14785823469298565,
        0.47399664425285293,
        0.8607009291515416,
        0.03681951612272871,
        0.8147107209244792,
        0.7452458328470353,
        0.6080258693064604,
        0.4653149610624673,
        0.9034567778111253,
        0.5542467973285453,
        0.5059097415537154,
        0.13072444121166182,
        0.6281949268133541,
        0.685167771793686,
        0.7206327573490426,
        0.16539700619388376,
        0.8833942956122318,
        0.6871426651089594,
        0.120983214684795,
        0.46179030573701896,
        0.9160867156482241,
        0.8148502004082365,
        0.4031557456105762,
        0.5842732845068064,
        0.9571593100626226,
        0.07711754621204547,
        0.025411025418022315,
        0.9946730183194716,
        0.9036378154253358,
        0.5041857303786527,
        0.5114337837711244,
        0.31371012448200575
    ],
    [
        0.588443884060647,
        0.15138978155104998,
        0.09921278428882696,
        0.6884770167183711,
        0.5039114339826282,
        0.0503904241756844,
        0.46794638203788974,
        0.0,
        0.048337099400356465,
        0.2163089951661259,
        0.9144665132346795,
        0.7599532953179491,
        0.38113661856908965,
        0.008737743085881378,
        0.8912193432067802,
        0.21999809826020367,
        0.4382876314983196,
        0.9465046686981601,
        0.5896763722586462,
        0.3202818969245317,
        0.5545274147961131,
        0.7798822186312472,
        0.11159941382231009,
        0.28304520070071937,
        0.23233865677784638,
        0.2579205724706326,
        0.679851710121446,
        0.37299206097687143,
        0.03482604001107681,
        0.43385890820435546,
        0.6657548661710002,
        0.17030361545593875,
        0.9336512935238377,
        0.3038266641176788,
        0.6871092205972411,
        0.16107586004532193,
        0.335058557770061,
        0.659639236469175,
        0.020889437978091174,
        0.5806272111585257,
        0.03116804417645591,
        0.04573031300746355,
        0.8643248003165448,
        0.9405544310533236,
        0.8840321666391566,
        0.5085510700752759,
        0.2594412705037886,
        0.21737284785970468,
        0.5975375222395373,
        0.05800701588161328,
        0.852409354584285,
        0.7840135246407129,
        0.9658382879861551,
        0.08791434390821073,
        0.564076389058235,
        0.7296331752377702,
        0.48010579463473224,
        0.814972676134285,
        0.8896438956705571,
        0.4994026242251838,
        0.4029416069342888,
        0.4236940564768432,
        0.7206934324895642,
        0.7539044017074875,
        0.36109416017425544,
        0.1941680152594425,
        0.6672787274993643,
        0.10599346443266144,
        0.48511371890146615,
        0.41844516550352495,
        0.9298185451606349,
        0.9428813610708395,
        0.027523283513871233,
        0.1939713694740145,
        0.965181800321428,
        0.29689941366425665,
        0.7404368925445458,
        0.26178788026088096,
        0.9940055233413917,
        0.16651582776116836,
        0.6387008724031654,
        0.6246067881391436,
        0.6443314479971061,
        0.1610952798614539,
        0.6328748025861128,
        0.42892491200134897,
        0.6352198383808552,
        0.32763921726462353,
        0.16289350276048098,
        0.7867459511833825,
        0.023641297630766833,
        0.3184926959298009,
        0.7287630960948751,
        0.36529336509154176,
        0.97943617942319,
        0.10221834007699726,
        0.5285027299711812,
        0.7523132296959099,
        0.8132289048343443,
        0.7288368500714044
    ],
    [
        0.5293341658683297,
        0.3980482369379802,
        0.8365528252726575,
        0.21136712621510345,
        0.8070606711935258,
        0.9771423752689116,
        0.2836791375274881,
        0.048337099400356465,
        0.0,
        0.8230987083386946,
        0.6821261760664978,
        0.8729461543545282,
        0.6510025138117307,
        0.9356795372642215,
        0.9431585382702424,
        0.0898620208956139,
        0.6141336412502084,
        0.3841923602628071,
        0.7729794190780696,
        0.013170636376850897,
        0.11938460523740402,
        0.04730635445944642,
        0.14734808754915185,
        0.8309240412266643,
        0.8163222531434641,
        0.6837887185018261,
        0.8150539919134873,
        0.6443166630655295,
        0.80698333041764,
        0.4615915368661727,
        0.9504770086612265,
        0.9779928368906171,
        0.6268867605236641,
        0.3354401852683412,
        0.11476832709053841,
        0.7988241381054131,
        0.37177441762947194,
        0.0867165493600619,
        0.8959081043232177,
        0.8897434037167732,
        0.28296520808108383,
        0.34536289657222563,
        0.24140739622819862,
        0.20906463985538726,
        0.34744657044537697,
        0.36041280506766515,
        0.15490313535275857,
        0.924497634998116,
        0.7402625363519738,
        0.1276795932539786,
        0.9489828313526395,
        0.2017699150396678,
        0.44700330906916197,
        0.47631207974982603,
        0.7169792737579918,
        0.046953481468965386,
        0.9152515652075612,
        0.34887892715419644,
        0.7566105491225272,
        0.38806856760006725,
        0.9526621417962456,
        0.22318505960002177,
        0.17171859229138653,
        0.6673147871823241,
        0.8121488715540436,
        0.19582099916005102,
        0.4804433354600438,
        0.6077319513475159,
        0.8724264861524961,
        0.21763166186672112,
        0.8473968418844734,
        0.6556384250475422,
        0.13170690821226594,
        0.4519574789403047,
        0.11087337488303883,
        0.5066289051404567,
        0.6634059802063645,
        0.15771097198143302,
        0.4544514955693576,
        0.23218948359382663,
        0.212870128934473,
        0.4194655143673288,
        0.04962629236504179,
        0.5289521491513148,
        0.42140242771787095,
        0.22678186755349583,
        0.29907579276451657,
        0.016804441950975635,
        0.8038409426438522,
        0.4301118717044762,
        0.31729045186780414,
        0.7075872391585151,
        0.08392174465976232,
        0.10906762790158764,
        0.6824195126083002,
        0.9494902710393632,
        0.9618520092228916,
        0.9176486325744416,
        0.4872382920497502,
        0.5074923971697658
    ],
    [
        0.10432987464887478,
        0.6902993542765973,
        0.9048392239427918,
        0.9130903028141161,
        0.7280168012023497,
        0.10526412604898949,
        0.1467144269069307,
        0.2163089951661259,
        0.8230987083386946,
        0.0,
        0.1354421368512062,
        0.4657878334069018,
        0.019668510990412225,
        0.17137832748213622,
        0.6983166859023858,
        0.8120561607969393,
        0.4617913210970168,
        0.029135257083351407,
        0.4132049267475134,
        0.45070319569673967,
        0.7214412125388052,
        0.005744972042096341,
        0.9060035316459323,
        0.33009726726897304,
        0.2458968951904611,
        0.3296933596506253,
        0.4042298224840708,
        0.4221420280989836,
        0.8018808068851878,
        0.9780380743601648,
        0.90467290281943,
        0.9503931387729085,
        0.0014725997586085837,
        0.5836772593975633,
        0.13975254499328016,
        0.29110538770229577,
        0.1682493126748188,
        0.8684494785047511,
        0.2481516919347777,
        0.9187744727975358,
        0.16480902845630008,
        0.3311157029324677,
        0.492051914392978,
        0.357597374387997,
        0.605035048189596,
        0.321416198633515,
        0.748511852476994,
        0.80015562588381,
        0.15724081209727248,
        0.9100306840913339,
        0.29789346311955267,
        0.987752308239771,
        0.6583280940881242,
        0.053758155949140574,
        0.2691791145036502,
        0.9043075246811175,
        0.48768617399175174,
        0.9323820126725213,
        0.6324933486416556,
        0.21240906223084777,
        0.6271205288448396,
        0.008097936182867915,
        0.1873661718237677,
        0.5951176672651994,
        0.9992533726665211,
        0.8265319420592002,
        0.3976907367516751,
        0.9569927434427928,
        0.3555894690006276,
        0.6396027623918416,
        0.15436837289276795,
        0.055653555512625186,
        0.6110879729012267,
        0.1546538946117263,
        0.20646211424793226,
        0.0707768679709383,
        0.6091992678775491,
        0.7414473249486794,
        0.5840864091900299,
        0.9918167130939615,
        0.6084688716665224,
        0.8705219830746405,
        0.3528890539881022,
        0.10195410053535792,
        0.5663192821793026,
        0.783404015898207,
        0.9493132223431577,
        0.8983450902828783,
        0.473541023223797,
        0.03338598731757514,
        0.8903097012371333,
        0.13332440781144783,
        0.21880865788156856,
        0.10951609121995087,
        0.4977803685385356,
        0.8410895587028306,
        0.8800951784033731,
        0.6394694230660639,
        0.670865111556665,
        0.43822742500581713
    ],
    [
        0.9840198325051388,
        0.09479518713256951,
        0.7810301101787901,
        0.9130058132474713,
        0.565747384903648,
        0.27921623872902157,
        0.42121225894363656,
        0.9144665132346795,
        0.6821261760664978,
        0.1354421368512062,
        0.0,
        0.6948867574335237,
        0.6668927787938805,
        0.459283988613189,
        0.6356025029034685,
        0.8618860045433648,
        0.278281422335388,
        0.3707438008342848,
        0.3680960491006019,
        0.6108949024857172,
        0.706774510737265,
        0.47657178386957444,
        0.4215679734269576,
        0.8523870490908239,
        0.815302994024216,
        0.5538945828221652,
        0.6922455905955982,
        0.5518134751670429,
        0.5632532754268275,
        0.8056760922203403,
        0.07838640003383268,
        0.1516085592536277,
        0.2220611206775327,
        0.45914955060095997,
        0.7430446741634045,
        0.7753182461726253,
        0.6069648312254683,
        0.6335220124513851,
        0.9508291273202201,
        0.5158696068911759,
        0.360878854156516,
        0.5180861058965076,
        0.8724968762469089,
        0.6881856015705141,
        0.8148016621314259,
        0.024065808384715948,
        0.6622873595283633,
        0.43100254178349906,
        0.9245683679073841,
        0.4291035572679426,
        0.3005426416568746,
        0.07832613873081595,
        0.7792935281043952,
        0.18677007851261074,
        0.6108359202699355,
        0.8232927050541456,
        0.8143795108858495,
        0.48722189209709266,
        0.7085262837513767,
        0.11123696210942291,
        0.1759975043005939,
        0.5011984177636009,
        0.7434978543675778,
        0.17303565683007072,
        0.41081179971546444,
        0.23644147828704654,
        0.09784070089723373,
        0.3314101214022349,
        0.012252951488660568,
        0.35876444599875745,
        0.15001465015931092,
        0.8368203067405064,
        0.9424340199220071,
        0.36281599428170497,
        0.6360962010276616,
        0.8674613287944826,
        0.9757508324864624,
        0.41041359870755434,
        0.9717426918124872,
        0.4974082878417705,
        0.6731625703735785,
        0.6138667526055317,
        0.6287455245967642,
        0.9422212377519656,
        0.6811765289416915,
        0.2677754327547115,
        0.17066823178394097,
        0.9151722971558628,
        0.027575802402475702,
        0.18410557287762308,
        0.12184841392235257,
        0.2593934878803196,
        0.7362359068733186,
        0.54833922715027,
        0.6902559876893187,
        0.8675379743308878,
        0.7842777526791921,
        0.9147477744963601,
        0.5161611252467176,
        0.6078256927131811
    ],
    [
        0.1996700395161165,
        0.5772176360289132,
        0.1885857492946138,
        0.7835463979279031,
        0.48214219390729673,
        0.5324615846468888,
        0.2429107202365377,
        0.7599532953179491,
        0.8729461543545282,
        0.4657878334069018,
        0.6948867574335237,
        0.0,
        0.1336564025323408,
        0.35893746116827896,
        0.36449798054893423,
        0.8538167867914523,
        0.10403313006662773,
        0.22820469623202,
        0.28483569455711877,
        0.08978260870574717,
        0.15439280137320188,
        0.4520494621215243,
        0.024607004155589474,
        0.4305628070874068,
        0.22557134419885239,
        0.3783771775872219,
        0.5448747670556209,
        0.7236711396251706,
        0.5664907120323213,
        0.02294084452043066,
        0.23575883548056542,
        0.7842853394990834,
        0.9758985244848862,
        0.6046202446078144,
        0.7516004512444276,
        0.8014699853311936,
        0.051509483502311215,
        0.7750897161331384,
        0.48711141744177366,
        0.012026009840852114,
        0.6860033351140253,
        0.5895765727811151,
        0.6792804391654966,
        0.05515498369223104,
        0.4432239713770366,
        0.1373558657432471,
        0.025435914235396373,
        0.01756613391851669,
        0.8860300742716146,
        0.5798607234052926,
        0.8740079004949493,
        0.9918407266588907,
        0.9477735243753772,
        0.9839820656870978,
        0.18838858944360215,
        0.8963395560002896,
        0.14632911574503282,
        0.6225311828871204,
        0.8351249202790159,
        0.326188237019983,
        0.6065979812666643,
        0.95927689067696,
        0.9131025167528048,
        0.4217786035182107,
        0.2026740762399727,
        0.8514261771878253,
        0.7551011231317364,
        0.4058094451714813,
        0.9424526989728289,
        0.8074600415890666,
        0.13963921853470673,
        0.1280470535921896,
        0.7551359170033791,
        0.756691429074706,
        0.6079592969844841,
        0.3649160856816873,
        0.6168172544039416,
        0.8292404322144465,
        0.5484612758926105,
        0.3704798122792521,
        0.7647133392505605,
        0.38304870874275787,
        0.9137999858468666,
        0.4279922405168336,
        0.4790714664732011,
        0.7615500455627063,
        0.20764522617885373,
        0.22683112555353246,
        0.6213405913863399,
        0.026494058884420246,
        0.46496002707416095,
        0.6929527003047239,
        0.6127622781974826,
        0.5642819865127247,
        0.2861077649960462,
        0.21934853701665658,
        0.3590327194847516,
        0.444242915233134,
        0.18625890026784087,
        0.27105250502008593
    ],
    [
        0.3367690237975365,
        0.13346107778466154,
        0.9365165562565261,
        0.006466690615367643,
        0.9265575722559108,
        0.04675348800742141,
        0.5275696290943984,
        0.38113661856908965,
        0.6510025138117307,
        0.019668510990412225,
        0.6668927787938805,
        0.1336564025323408,
        0.0,
        0.03508513870422025,
        0.1282801767947207,
        0.21876344707553608,
        0.4506856957907289,
        0.19990204388388966,
        0.5270420352483505,
        0.6679016131787654,
        0.6218501534370963,
        0.19178238557221428,
        0.9783185000445005,
        0.47389021790576236,
        0.30079649493595206,
        0.4683885405517977,
        0.20080063858047648,
        0.27020333126821594,
        0.3557325369285399,
        0.8650562071734631,
        0.7070016339732181,
        0.8005767471060335,
        0.2102760447459746,
        0.3990054788030236,
        0.40579730539571124,
        0.20381334903674775,
        0.36419700173607583,
        0.9911776638100064,
        0.9147205227277418,
        0.5637664947055648,
        0.5233303555872497,
        0.4942763534684962,
        0.020475594538404862,
        0.8354159710052615,
        0.28362070156397645,
        0.7657623636605069,
        0.6192393697914053,
        0.3997927068082089,
        0.11819012946731777,
        0.9844854224757726,
        0.5743924942172038,
        0.694850193476463,
        0.13778500539497152,
        0.3652684613965851,
        0.6204273981447123,
        0.6227020093276733,
        0.797801171293311,
        0.8277849248505317,
        0.366604145888637,
        0.4359482486700321,
        0.005103566509067403,
        0.38969417114216887,
        0.6117657564220678,
        0.4425015767297942,
        0.9420299294906286,
        0.00807363310227438,
        0.10188082726912062,
        0.6172009169655345,
        0.11491938018422898,
        0.7450350255394221,
        0.9585578781311249,
        0.8879274898035431,
        0.5582649513563894,
        0.03888498223704717,
        0.624458267081932,
        0.5356224648190889,
        0.8994463075149846,
        0.4512172274576969,
        0.9296841468593395,
        0.3103887135196568,
        0.3804684743000506,
        0.07497646832584748,
        0.35770803901693615,
        0.34754235546946777,
        0.5503065163851094,
        0.7469928547286535,
        0.4888026124655306,
        0.9276453183698092,
        0.6513638693933225,
        0.8975212348555991,
        0.5596662168362304,
        0.4208179408296533,
        0.6569707587675235,
        0.9951444042049179,
        0.5000761174579511,
        0.35748092416833277,
        0.09645268169572752,
        0.1613577146458116,
        0.5310719138447126,
        0.5863458682667395
    ],
    [
        0.11791676485887681,
        0.9668005808323537,
        0.6935882799933696,
        0.5873828755865153,
        0.47072063194932534,
        0.8312765346235452,
        0.16493617974925956,
        0.008737743085881378,
        0.9356795372642215,
        0.17137832748213622,
        0.459283988613189,
        0.35893746116827896,
        0.03508513870422025,
        0.0,
        0.7663950835429895,
        0.27154661647770895,
        0.045442462006765716,
        0.26629559627738086,
        0.41044823053098733,
        0.4313862410649688,
        0.47303326951466496,
        0.40343372753953766,
        0.33947209388267163,
        0.5367767870696016,
        0.25103601561091027,
        0.5609356841623271,
        0.7404438195406124,
        0.10289440746863598,
        0.14569498234201161,
        0.10127946936800836,
        0.6732211316713937,
        0.018326510509032556,
        0.0327311235896941,
        0.278825348728718,
        0.3727166261215925,
        0.2234709202862677,
        0.25696733429159746,
        0.8764115577316152,
        0.5179663512794748,
        0.7167317074922546,
        0.15977549319855577,
        0.5619443922790734,
        0.21443132061475756,
        0.286730058614004,
        0.3877179428414522,
        0.02147881985431699,
        0.9928804936041683,
        0.09985017506979976,
        0.5627271953923761,
        0.8825254595602485,
        0.8674504451720969,
        0.021600206615789208,
        0.9411699662231694,
        0.5835739839119769,
        0.5029583294006781,
        0.530122555235351,
        0.7723599022227124,
        0.501267870243082,
        0.3561620920775822,
        0.42594738876899974,
        0.5888046738940407,
        0.24262715470874707,
        0.9628198340813483,
        0.3673078310719825,
        0.36168894309225263,
        0.3921294875305624,
        0.6256271441837132,
        0.3871963315499365,
        0.13917361582998766,
        0.7542651521441949,
        0.657804789599698,
        0.7776865281107995,
        0.38362139471533085,
        0.15449038604879672,
        0.512406876482394,
        0.8515447245194165,
        0.11580064813963842,
        0.7677876869548108,
        0.024502332383318337,
        0.10044214139162688,
        0.3742425147692895,
        0.7697306575797215,
        0.38112875530118817,
        0.7221374574170446,
        0.8822748501400038,
        0.24409706560750066,
        0.06790481583580532,
        0.9414764017937816,
        0.12968357147572596,
        0.1734505498160771,
        0.12861949125647143,
        0.6301220011481722,
        0.21039302837204965,
        0.06388876135273502,
        0.36458663827137305,
        0.8147087206247167,
        0.6311032240651766,
        0.2705831435546896,
        0.43656822012932595,
        0.658172298825369
    ],
    [
        0.3081011911586279,
        0.2622833996989937,
        0.03170903453254914,
        0.5865510058055469,
        0.039312704058824366,
        0.4078142201734767,
        0.9302214616769602,
        0.8912193432067802,
        0.9431585382702424,
        0.6983166859023858,
        0.6356025029034685,
        0.36449798054893423,
        0.1282801767947207,
        0.7663950835429895,
        0.0,
        0.9296215729320705,
