[
    [
        0.0,
        0.3461816480880725,
        0.9478664411394633,
        0.12520818703243008,
        0.12015994746187153,
        0.5705010615403938,
        0.8311333555213383,
        0.33718191199632164,
        0.22830639015255272,
        0.6810014389701586,
        0.020439544323839542,
        0.8778427271992421,
        0.7422737550773173,
        0.5679884315925399,
        0.8754750935346846,
        0.4799103574877812,
        0.8938486133292,
        0.2748981730171791,
        0.158653901551859,
        0.9095202061267342,
        0.7898850721833487,
        0.1717407833032174,
        0.3303689452116043,
        0.8019655882056717,
        0.039566919120665456,
        0.998300912805869,
        0.7136842504028007,
        0.40037059442309786,
        0.7157037999921253,
        0.9994306696893174,
        0.15192093091373005,
        0.28954288754367363,
        0.40411052941118475,
        0.649904233648653,
        0.7529493707414326,
        0.5839236895045057,
        0.38127908767567487,
        0.46819242910158765,
        0.033092171137271365,
        0.935518002086937,
        0.07245634538376944,
        0.16682855448345402,
        0.8435633860839002,
        0.03167551248271361,
        0.30330780989597017,
        0.14262173027636993,
        0.7789463013690714,
        0.2627562415577678,
        0.9649060886788503,
        0.05176891110665294,
        0.8051077573896706,
        0.6657078447946292,
        0.09950616200425266,
        0.9527861224447215,
        0.6293783866220679,
        0.7871014332615086,
        0.9115327861994841,
        0.7229801721232242,
        0.5433699885698017,
        0.7489407236749602,
        0.12996688757396857,
        0.2807203991001279,
        0.5525720846975982,
        0.1712753480081436,
        0.7865366613825009,
        0.9898192476997467,
        0.01803755013245012,
        0.46764699630759077,
        0.7376224108755725,
        0.8785954434235426,
        0.11217043480313171,
        0.7251713451873789,
        0.39879762634990956,
        0.5690527074825367,
        0.7263510960399201,
        0.39851994225981624,
        0.7929989488247086,
        0.43613462172002104,
        0.601004168926842,
        0.30682121872908485,
        0.28681978487390525,
        0.9173605073480213,
        0.4497645106445658,
        0.6887029002698817,
        0.5717459407729937,
        0.5171984298698437,
        0.7632361910775781,
        0.04461376602574885,
        0.49324867214215906,
        0.5536161265859487,
        0.8387739023669902,
        0.11079725410992458,
        0.7706496368184124,
        0.9382749922548695,
        0.9544928331771134,
        0.5810245000566127,
        0.22585155367729004,
        0.34325087738708493,
        0.18382487040756335,
        0.5176913642794365
    ],
    [
        0.3461816480880725,
        0.0,
        0.018008571815695706,
        0.6239954639273193,
        0.8805695403347816,
        0.0013087322890577013,
        0.3801668820358046,
        0.5594675858430072,
        0.9852857556671187,
        0.29265036405941414,
        0.3445347759527594,
        0.7772783945885272,
        0.24560108718692886,
        0.06340705929762136,
        0.15838161167890197,
        0.18402831882809778,
        0.09685453967610247,
        0.6927978642251585,
        0.604978385585424,
        0.7135419750120832,
        0.3986859825468759,
        0.8039203760615989,
        0.6906352473210701,
        0.7255499244680822,
        0.9297605465380601,
        0.36498955529742483,
        0.44282374694069515,
        0.5167862146144899,
        0.17608518546905638,
        0.09088964412446399,
        0.8611391024631163,
        0.25916481744439257,
        0.6032216153574664,
        0.1700178454808865,
        0.21188360846029153,
        0.5779702819349627,
        0.5126022719177962,
        0.9132409833565508,
        0.5930841610191354,
        0.5769077961915018,
        0.40434348869859116,
        0.4056282621072719,
        0.5004057951899491,
        0.8148434431465805,
        0.7719017409893683,
        0.5757830848224527,
        0.35766270338987827,
        0.7639965000388947,
        0.5291523837111192,
        0.7385632402798806,
        0.8392295691033063,
        0.2681386969281646,
        0.5217422460395809,
        0.834498706442013,
        0.12603513974797143,
        0.3613957839608837,
        0.2543216962201138,
        0.04839454917871622,
        0.18674360516072308,
        0.87448304013098,
        0.2657951264466225,
        0.05169033609380236,
        0.20910708388122734,
        0.012421811730446652,
        0.9135046644951759,
        0.46156825362059994,
        0.08399346505142757,
        0.7464432301041486,
        0.4939633199306085,
        0.6405409918295987,
        0.4389174716600287,
        0.1331790218495652,
        0.917945447789778,
        0.15199992402285945,
        0.09639996929379324,
        0.7570280696282111,
        0.6077161416244967,
        0.5562113435564817,
        0.980096545405589,
        0.681930366129995,
        0.5946978280101184,
        0.0062074127330685736,
        0.18942013536773938,
        0.015489853304637702,
        0.4489122317408406,
        0.5789515905205839,
        0.8870523173564243,
        0.5176281871330536,
        0.15782112830987294,
        0.37559511417715497,
        0.4457227805339823,
        0.8954355099945701,
        0.05771080218063318,
        0.8791236537313007,
        0.7907468600006046,
        0.4051515441299872,
        0.9678285248196118,
        0.6963297439372248,
        0.3871212630056776,
        0.9924237502615313
    ],
    [
        0.9478664411394633,
        0.018008571815695706,
        0.0,
        0.41649125255771546,
        0.8724510283669363,
        0.11180871621363697,
        0.9775197352592333,
        0.7569365577379192,
        0.3321937144239152,
        0.44835516425565625,
        0.8812621933634119,
        0.5780854133223845,
        0.19918055653649236,
        0.7071458794318282,
        0.38149059952026076,
        0.10473968232283604,
        0.37791726975766904,
        0.04720947833605926,
        0.25661768388001216,
        0.9011610775142351,
        0.42710009759643563,
        0.6207394035171411,
        0.49840373673304095,
        0.6339021399454629,
        0.09333671716273417,
        0.47962345783673954,
        0.017351715180396465,
        0.040482355444653506,
        0.6753738446082538,
        0.7064950037512993,
        0.25781705876724725,
        0.4757217120709334,
        0.02554546096790178,
        0.22632024648277982,
        0.9482618403849208,
        0.6530476024463312,
        0.27157748199312837,
        0.5752851834959968,
        0.5056274808075867,
        0.8325183821592144,
        0.7782754591453154,
        0.1404686710170815,
        0.5097016356391681,
        0.33272765102949864,
        0.4240667627659854,
        0.4594545979996384,
        0.926547924918158,
        0.6316984890376283,
        0.007646724888344947,
        0.3005064288003526,
        0.7224476172357207,
        0.6986690312703966,
        0.773132369202331,
        0.356545578503331,
        0.0806870091621309,
        0.05501542307039187,
        0.030802249035891682,
        0.47666704547749295,
        0.5685889407829096,
        0.24779914506939638,
        0.35781974225733315,
        0.6542942067529495,
        0.5488043590853413,
        0.9551916656023982,
        0.8095115944127397,
        0.4918996537885506,
        0.5864740780875292,
        0.5932983312585125,
        0.14685982617730753,
        0.6253210343736921,
        0.2641961444324985,
        0.8605080132449264,
        0.45653458766829913,
        0.4836953755231064,
        0.7066311691697381,
        0.9241441147735097,
        0.0735808726467434,
        0.4597289487769397,
        0.2611896671727022,
        0.004210197693984008,
        0.7906321694840318,
        0.35147479423235617,
        0.8794630244907939,
        0.31066315762189545,
        0.031858061458985176,
        0.4825534035711584,
        0.5073531148689728,
        0.7771277139665733,
        0.3767719074238225,
        0.13227528538024003,
        0.8871791143882338,
        0.2008888989763078,
        0.9987449011715989,
        0.8756452491869139,
        0.3361790952532402,
        0.1834309145620424,
        0.12350683082771707,
        0.842017090773278,
        0.7049661471558522,
        0.49509481331698757
    ],
    [
        0.12520818703243008,
        0.6239954639273193,
        0.41649125255771546,
        0.0,
        0.3029822781249877,
        0.32303232152127415,
        0.3792427169266265,
        0.7573106819931691,
        0.22532243905926574,
        0.06111728528849447,
        0.4926866679187606,
        0.4293428937776178,
        0.27338792411109847,
        0.623353380501083,
        0.5837071607135484,
        0.6903516594091301,
        0.7370738309041839,
        0.4409527144346226,
        0.7042534194062405,
        0.14945476580869188,
        0.3214643786516651,
        0.12613995248404986,
        0.320436005412848,
        0.773156309417848,
        0.12096332253677045,
        0.7544646590907798,
        0.9907889576526239,
        0.9181134881603625,
        0.3640564227536336,
        0.024538326619439332,
        0.3944646700144874,
        0.5404183665503766,
        0.45635997924648475,
        0.39156352826384544,
        0.7000403043545317,
        0.9959901130066959,
        0.01834016793307447,
        0.2646509900864885,
        0.00976162453062246,
        0.9024144644437959,
        0.11723911990242508,
        0.3983739521851607,
        0.6366548104148071,
        0.5296488658810771,
        0.5746430068136954,
        0.8480747833078257,
        0.5645692129202895,
        0.6961261136253655,
        0.5745896353366534,
        0.32760991480323,
        0.6135665315053406,
        0.5979291883210938,
        0.8751130988671224,
        0.4637007205857062,
        0.1374705263951146,
        0.4690401423931462,
        0.9819505039349331,
        0.8808179086849519,
        0.6606658423640347,
        0.07640581502675636,
        0.3993142370643301,
        0.8391081405751729,
        0.6648907323003542,
        0.8675369278625982,
        0.6856425850748437,
        0.2273944070228252,
        0.8370079584761002,
        0.9953990079390587,
        0.5560983437977828,
        0.7243929862935314,
        0.2964050671206374,
        0.3501526037228787,
        0.27567526424993827,
        0.7923925778443954,
        0.5053160204229445,
        0.10747439332177422,
        0.6927703160706576,
        0.8808962452742747,
        0.7501301499927832,
        0.39209112290669557,
        0.3200858186074208,
        0.20476908380237935,
        0.10799625688430092,
        0.849175037435204,
        0.8033336240204374,
        0.6403879789585186,
        0.5810363517137929,
        0.7207294095650086,
        0.5607113894290611,
        0.7682851373945391,
        0.2992470643259876,
        0.18885016111237363,
        0.19633282209523062,
        0.30600250497380554,
        0.8499015191420405,
        0.21035852673890099,
        0.8874062577944071,
        0.5872937189574342,
        0.3687291292424346,
        0.23769079598612264
    ],
    [
        0.12015994746187153,
        0.8805695403347816,
        0.8724510283669363,
        0.3029822781249877,
        0.0,
        0.7993856231594892,
        0.9678505691670595,
        0.16578536466346694,
        0.18346526854148104,
        0.10180492497912674,
        0.42419988191016,
        0.40325425690567596,
        0.24342630899832196,
        0.13523756621638905,
        0.9967640945274844,
        0.07345069159134299,
        0.7297329768188773,
        0.5941632370391048,
        0.04430165140256925,
        0.4731785761618025,
        0.314355776617665,
        0.9072300582005266,
        0.09050042479909914,
        0.9821880573781159,
        0.19707157788645757,
        0.07290496034554572,
        0.8056108627403227,
        0.32859844516024495,
        0.7325539300304035,
        0.5607626809757428,
        0.7834142573830286,
        0.4949436784317053,
        0.17362599594804196,
        0.6708184260461681,
        0.5112049967274174,
        0.29041413752702727,
        0.9719108222752577,
        0.5337623958583475,
        0.5249167568645187,
        0.4181456887970939,
        0.880822718337327,
        0.6093301049513619,
        0.28876626527314586,
        0.5362218956431606,
        0.14728936824459649,
        0.743023109739042,
        0.6164718024072439,
        0.5521243034946265,
        0.6104394625889402,
        0.3002903572672968,
        0.16819284255599065,
        0.009584617859259237,
        0.8969837256465273,
        0.16496702275795494,
        0.15508666308680463,
        0.6287683891415596,
        0.7764272027207566,
        0.7277405752795872,
        0.43717787948495446,
        0.5591318256410234,
        0.3408545111388357,
        0.6938996212350289,
        0.29111425447148365,
        0.2924381202681773,
        0.13542007284541469,
        0.8239584879709164,
        0.19162336925993428,
        0.40383330166128917,
        0.5727936958265482,
        0.3256533720147162,
        0.5929781940211779,
        0.7669538284892039,
        0.15679603914401186,
        0.6891603895661655,
        0.7260767512603028,
        0.27488047953508,
        0.5950834121487906,
        0.7553818232914478,
        0.31778015072589505,
        0.1338205190944174,
        0.38969884901193574,
        0.2808085550557132,
        0.582549920128612,
        0.1527426964883538,
        0.5392558851995134,
        0.987536239356135,
        0.9802351630098702,
        0.06859163495415954,
        0.1359185810247312,
        0.4507062819753527,
        0.8945099703883264,
        0.7162894299424477,
        0.8773158780498554,
        0.950530428784349,
        0.6986786960525081,
        0.5144539446591576,
        0.2017825998244721,
        0.45831272563400616,
        0.2951781392226842,
        0.8939323155256301
    ],
    [
        0.5705010615403938,
        0.0013087322890577013,
        0.11180871621363697,
        0.32303232152127415,
        0.7993856231594892,
        0.0,
        0.07383955370979789,
        0.3543280902452902,
        0.13762120066460792,
        0.9638667154821274,
        0.9524825500940571,
        0.8916227497945028,
        0.12801216077464916,
        0.024796743240447783,
        0.040891944662414526,
        0.22637599370542072,
        0.9798518938176002,
        0.7211944185935305,
        0.6160879368929559,
        0.492206112745865,
        0.05432039873599159,
        0.9802906482774929,
        0.8740677774086018,
        0.6951021036123114,
        0.2516679752775277,
        0.03518785595126728,
        0.6396121859120982,
        0.14724739848613788,
        0.6001992930716091,
        0.2155065224460878,
        0.9631728261616787,
        0.1933017193433444,
        0.20870663221033003,
        0.8712383859289393,
        0.19069095191742458,
        0.80267314773244,
        0.7921468003731816,
        0.7105365945504385,
        0.7515998900108649,
        0.5635783837295332,
        0.4201352502940868,
        0.23273667772821804,
        0.3486171548077339,
        0.4095491710017567,
        0.06387293541272943,
        0.9477414347881978,
        0.29347570007252277,
        0.8948341657221563,
        0.03242750995225718,
        0.3873609149097893,
        0.5143359249951336,
        0.605321292984789,
        0.5635451899442585,
        0.2743112418932663,
        0.010954321085787755,
        0.5580377533562175,
        0.04672660979890231,
        0.16319854752145913,
        0.006903854148308741,
        0.47336556324287493,
        0.008968241202552019,
        0.8153900843574506,
        0.16074935734169016,
        0.17136981311995347,
        0.42832739709238254,
        0.8899728462013483,
        0.17680222502447784,
        0.030695600825149216,
        0.4204218079230624,
        0.4483196283429922,
        0.9329670103003027,
        0.7928368409705182,
        0.9692446337291778,
        0.19298874890160334,
        0.4094663219640857,
        0.28086604098803425,
        0.5353716659311338,
        0.615155402215409,
        0.2968146057573995,
        0.5138249065998373,
        0.7165980967475539,
        0.14992554921807844,
        0.8564039853262826,
        0.6662368504358697,
        0.6343958269132933,
        0.05899313513612203,
        0.11228272166205455,
        0.32771766875630226,
        0.4691698430001572,
        0.3534955998308684,
        0.4005890601698958,
        0.6113631206454758,
        0.2420218680212115,
        0.47223955187514255,
        0.8490840394061976,
        0.43160825051357854,
        0.7008885802133563,
        0.2656481932595618,
        0.2663419254813162,
        0.4008131172142365
    ],
    [
        0.8311333555213383,
        0.3801668820358046,
        0.9775197352592333,
        0.3792427169266265,
        0.9678505691670595,
        0.07383955370979789,
        0.0,
        0.5006202363665798,
        0.4887296253392126,
        0.06376547665559462,
        0.593749924039816,
        0.3370311065457203,
        0.4238443804663501,
        0.9125143533680825,
        0.4377596738881542,
        0.3830842227658804,
        0.49853530602626384,
        0.062437601956289335,
        0.3673210877225983,
        0.5396330624974809,
        0.41376313849599533,
        0.7594907979652253,
        0.8035582382988269,
        0.4436762618087695,
        0.6250985223340993,
        0.7343994322984658,
        0.8254933251712832,
        0.7787538523898485,
        0.99680385546345,
        0.176687963858696,
        0.7106734819344068,
        0.18760484348728368,
        0.530754577600956,
        0.08004602520703374,
        0.7738491063234595,
        0.8939375776120722,
        0.9313875374607244,
        0.34972375984545734,
        0.6714829543839499,
        0.8876677334890266,
        0.10673169551921047,
        0.3682689963427864,
        0.5270314651401425,
        0.7548836768809383,
        0.6387607038847024,
        0.714084515748805,
        0.6171268653197026,
        0.04718864658307376,
        0.3746912928673193,
        0.27635837279350883,
        0.3248734631943466,
        0.8438010927356122,
        0.5184838685432497,
        0.8208882691451599,
        0.7344940772260753,
        0.36712940993966736,
        0.49238880150957476,
        0.6780234648705398,
        0.9780343152920806,
        0.2332712411142448,
        0.6030740495513164,
        0.04760858373839172,
        0.22854162349381402,
        0.44065461598249056,
        0.39567715201707243,
        0.8861239596325986,
        0.908425245070491,
        0.8462181914365853,
        0.3779587184352381,
        0.6329564881416213,
        0.5184470739336189,
        0.9012304283173639,
        0.6905546080720221,
        0.799288980949792,
        0.7526973537211402,
        0.41949667769974597,
        0.29713948551319147,
        0.05908122793749404,
        0.8707111894621815,
        0.9861308403347628,
        0.4099566654401823,
        0.14802446687616333,
        0.5675736889184854,
        0.7869082679262318,
        0.8034041548043959,
        0.7798271278136829,
        0.11914479113903764,
        0.6798109672491117,
        0.16375130817876649,
        0.2805716734936502,
        0.5627599260554114,
        0.4939793368253933,
        0.7111516390633053,
        0.19634588467083913,
        0.4671460336066826,
        0.7544443133370852,
        0.5970289576304708,
        0.23395807613924557,
        0.03556058652154015,
        0.23209856352877167
    ],
    [
        0.33718191199632164,
        0.5594675858430072,
        0.7569365577379192,
        0.7573106819931691,
        0.16578536466346694,
        0.3543280902452902,
        0.5006202363665798,
        0.0,
        0.47646472291622577,
        0.8337448170252354,
        0.27569406599477775,
        0.35748311580159275,
        0.07788219447149225,
        0.2346657178614786,
        0.10265571900621984,
        0.4733324960523899,
        0.26139338250269306,
        0.10103123824831006,
        0.4563788705789995,
        0.6253141977576224,
        0.004197887223155283,
        0.1474281296994081,
        0.41917961273051896,
        0.7268870633942016,
        0.6115748810606665,
        0.7950877109618187,
        0.07474389248883995,
        0.5586486472209704,
        0.10447355121663393,
        0.15680207643119104,
        0.5160682658411453,
        0.5760348374443423,
        0.5631087850336985,
        0.5316422900204472,
        0.23486248294195644,
        0.7692970373766522,
        0.447854115695969,
        0.4784370762291057,
        0.7104151765497324,
        0.9325746052743744,
        0.7726383380379781,
        0.08715692558915744,
        0.18655574964056165,
        0.2262143477872569,
        0.4754796588143423,
        0.7964500898361093,
        0.45249836724983783,
        0.7674879883546086,
        0.4443670603656067,
        0.3208223964769834,
        0.4967455173736973,
        0.3990510082794565,
        0.9792602616283741,
        0.7540654928464547,
        0.08338453641992716,
        0.9318841832777937,
        0.5072220370357944,
        0.8981877128284966,
        0.4975158075197673,
        0.720732405691949,
        0.5258478813998403,
        0.6753499996433795,
        0.4454734686499665,
        0.7085617511077973,
        0.3713908814950081,
        0.8032713106358551,
        0.5625403988862017,
        0.5504168873712537,
        0.7663444254175739,
        0.48048897456064443,
        0.5196845907091926,
        0.29505432087955497,
        0.9304190286062273,
        0.8995638725115341,
        0.37844826898483563,
        0.035148361025806985,
        0.02003587600180423,
        0.6230016226790642,
        0.9105593821681097,
        0.7305610431720636,
        0.3352211598056346,
        0.8513571184129572,
        0.04131426282015305,
        0.6427056801403774,
        0.8575739049141415,
        0.6329756685583823,
        0.0012907287460172112,
        0.6883437399241791,
        0.7843015516839802,
        0.549690612428386,
        0.29489329146668475,
        0.1457387800350778,
        0.1618900033085755,
        0.5930498947619912,
        0.8475402068288582,
        0.08345142285818608,
        0.6735476977224747,
        0.8668868821844706,
        0.8601817283834957,
        0.7486832788468627
    ],
    [
        0.22830639015255272,
        0.9852857556671187,
        0.3321937144239152,
        0.22532243905926574,
        0.18346526854148104,
        0.13762120066460792,
        0.4887296253392126,
        0.47646472291622577,
        0.0,
        0.4513768432611911,
        0.52867120067995,
        0.884966239739997,
        0.9953180126815667,
        0.7863503409206826,
        0.09684239914379189,
        0.3264757752276519,
        0.7929783424332534,
        0.14538701049772018,
        0.42387415347637014,
        0.16157061462528144,
        0.3288082910116399,
        0.774457992289369,
        0.8902545330751899,
        0.9394745416026791,
        0.08938419961133082,
        0.15964646365976187,
        0.13147569849435015,
        0.17919098680779844,
        0.8810086796924861,
        0.8682059345398709,
        0.4021713733686756,
        0.6871354135095504,
        0.6563774606302993,
        0.8874526133226308,
        0.635923662980755,
        0.5825072733969267,
        0.7197967152685354,
        0.766955399552379,
        0.8855550759546537,
        0.7932987019772553,
        0.5500889327865351,
        0.9251049336850095,
        0.5121676095913615,
        0.07699007390927948,
        0.5249055180182852,
        0.747391263318051,
        0.23970581483905518,
        0.5537771683117368,
        0.22940125122746946,
        0.8008709088486827,
        0.08673293759387302,
        0.8594187812461848,
        0.5196385342203375,
        0.5704065072165542,
        0.9358696107605275,
        0.9938570860629533,
        0.5564754130018954,
        0.8475724931111297,
        0.22097108722919634,
        0.48930920213697227,
        0.8755132913387516,
        0.7349453078796234,
        0.9184540982174261,
        0.33665857426784607,
        0.6964000761184465,
        0.49973331990572023,
        0.9464920416792408,
        0.51364051745502,
        0.6347046186456167,
        0.8740905288368672,
        0.621759594473329,
        0.3921475879210544,
        0.5593538127951069,
        0.234671585124395,
        0.7451886938417529,
        0.1739984002837428,
        0.5679140420070897,
        0.618215389591702,
        0.5846655167717414,
        0.9762179058874949,
        0.2345759994743024,
        0.6904641252603084,
        0.6529280004885185,
        0.26902583334602725,
        0.230587990373451,
        0.7638715187818658,
        0.7134244680726771,
        0.75226404450442,
        0.5383916512879015,
        0.7607899833534855,
        0.21386219629912673,
        0.42057677111215486,
        0.5263237172021042,
        0.907043005351055,
        0.88435493821201,
        0.2938417264866813,
        0.7919097957284099,
        0.7108677520574438,
        0.8274842255594526,
        0.3080488963781245
    ],
    [
        0.6810014389701586,
        0.29265036405941414,
        0.44835516425565625,
        0.06111728528849447,
        0.10180492497912674,
        0.9638667154821274,
        0.06376547665559462,
        0.8337448170252354,
        0.4513768432611911,
        0.0,
        0.062130042232977245,
        0.9110963219874875,
        0.8672431174801851,
        0.14731245887169186,
        0.07075901389536499,
        0.24976721757114573,
        0.0880932361159884,
        0.6879797103735461,
        0.9982443119497262,
        0.6678495266490064,
        0.6230980153039911,
        0.4743466269553276,
        0.16078477518493928,
        0.1154355395032215,
        0.05718673637795357,
        0.726718074253123,
        0.7954004927683292,
        0.3434009446143882,
        0.9293477624369375,
        0.06950457155857559,
        0.5529892463429668,
        0.10956368391700333,
        0.7748748677202253,
        0.09724582191852782,
        0.8766611814538043,
        0.30765077585866474,
        0.30933236244250994,
        0.038633347800988926,
        0.06812022942706963,
        0.36175123049366886,
        0.31098131429299203,
        0.870038423267278,
        0.3866813466357001,
        0.22753939172471516,
        0.9521872249642527,
        0.6661683310147318,
        0.8745985350341736,
        0.944229085404008,
        0.7684137556745781,
        0.21381494538698653,
        0.33157476643490924,
        0.262513915801349,
        0.24118829358427596,
        0.8517894898114171,
        0.191224058890203,
        0.7146748751233283,
        0.8256324664158045,
        0.8796204223308053,
        0.4072756251510402,
        0.23818179662143701,
        0.6716480245923266,
        0.7086757499513159,
        0.7838871279011146,
        0.7960210425553047,
        0.6413381566614811,
        0.07191394949408059,
        0.28587709426223473,
        0.8395193842204777,
        0.941705936868077,
        0.5563967520868248,
        0.8161977691526067,
        0.38835587764050594,
        0.08693504723899648,
        0.06058356833757139,
        0.4228939537407921,
        0.3177292693218545,
        0.8553647343429804,
        0.5037665733234761,
        0.3138108623729977,
        0.9942387652150687,
        0.28843777536952686,
        0.17871143213601537,
        0.04588952942260138,
        0.1157595356047244,
        0.2499593260853451,
        0.7344037867987988,
        0.8512355565531174,
        0.9230414925545474,
        0.42102171573614666,
        0.5264086804906296,
        0.4803941455469837,
        0.6147816766340779,
        0.32900569202517405,
        0.1763919411176159,
        0.20353077874650427,
        0.3711308941527586,
        0.6458011533892977,
        0.14668233087944826,
        0.43220571501853355,
        0.6565867315584871
    ],
    [
        0.020439544323839542,
        0.3445347759527594,
        0.8812621933634119,
        0.4926866679187606,
        0.42419988191016,
        0.9524825500940571,
        0.593749924039816,
        0.27569406599477775,
        0.52867120067995,
        0.062130042232977245,
        0.0,
        0.7707222059506668,
        0.8404891023765699,
        0.5270829391845102,
        0.9671007274605391,
        0.017262502624811216,
        0.9539255257191014,
        0.5286802973356906,
        0.10147760551182339,
        0.6595517035893917,
        0.6857625789184952,
        0.5058435448172317,
        0.07505475955825247,
        0.7822077981804215,
        0.8823209644074559,
        0.15146493780030656,
        0.9876093135030303,
        0.6896255704406621,
        0.9504704020754116,
        0.29467611743200206,
        0.7258701694497063,
        0.5891470957249252,
        0.059618064702341766,
        0.6942158784641596,
        0.6231627019773126,
        0.6883770692563329,
        0.40755076782678545,
        0.8490472041068107,
        0.5317355382314103,
        0.5952787258140547,
        0.9518110317608696,
        0.5599232392505689,
        0.3558141775497764,
        0.27268704995609583,
        0.17137681469481103,
        0.5150031860253964,
        0.29405091648479953,
        0.6289382482249554,
        0.7005336844659974,
        0.2981392112990663,
        0.030747667802201728,
        0.014762837588651823,
        0.27044091038409335,
        0.011096804505758562,
        0.548405311095255,
        0.4214268922934358,
        0.3765884009675846,
        0.44063260092868317,
        0.6736981097106276,
        0.853468616940418,
        0.5424348840911581,
        0.43137896529783226,
        0.09390374499329324,
        0.485561246554284,
        0.3735012024474613,
        0.7150888688857738,
        0.9401785810400477,
        0.03656892083950469,
        0.0969285134737693,
        0.3970263875835157,
        0.777694290909801,
        0.2843740527901225,
        0.03512789371874203,
        0.86470724730159,
        0.5943813257669591,
        0.9051456286454503,
        0.4989092668498962,
        0.22331384878692728,
        0.7293444715778056,
        0.9017136029157765,
        0.6905982167116843,
        0.4611071959802011,
        0.5178950071964893,
        0.2727076652849938,
        0.05887849279535118,
        0.43289074412514494,
        0.469655863792961,
        0.3107616661074718,
        0.5544104744520424,
        0.9512113514458422,
        0.4325216934943569,
        0.8584462123765514,
        0.8887972913682924,
        0.19323172504149666,
        0.7705810806755823,
        0.9609610407714252,
        0.6772151477133607,
        0.6707082481986564,
        0.8470880783663756,
        0.06280255349184072
    ],
    [
        0.8778427271992421,
        0.7772783945885272,
        0.5780854133223845,
        0.4293428937776178,
        0.40325425690567596,
        0.8916227497945028,
        0.3370311065457203,
        0.35748311580159275,
        0.884966239739997,
        0.9110963219874875,
        0.7707222059506668,
        0.0,
        0.4100423620195349,
        0.38101253518473077,
        0.8329555702717099,
        0.6124712025455271,
        0.8608107845810492,
        0.0766264795785555,
        0.07945517306945626,
        0.7521101044588252,
        0.9779239378773068,
        0.9603200070398212,
        0.8138292450320925,
        0.8592122131442614,
        0.5842199258934686,
        0.8326505501414295,
        0.12025519916708027,
        0.8948697379378566,
        0.11492284337696002,
        0.2817419955592867,
        0.775612956077508,
        0.8353542305942292,
        0.7067147542102393,
        0.5364276583722289,
        0.7233018826730521,
        0.64685266115944,
        0.3811846760534373,
        0.7833953899999446,
        0.6222738246749334,
        0.08750274392215363,
        0.8302638217941621,
        0.2403909584541799,
        0.6905391501104964,
        0.6369059218908003,
        0.15703459396439534,
        0.6722344967183209,
        0.20433195631467715,
        0.7501017014956756,
        0.9178817166584692,
        0.7731779614441492,
        0.043285490221719236,
        0.650229174549485,
        0.5103594180702952,
        0.03066157856100915,
        0.662906558666222,
        0.5822122927792679,
        0.7725070350656137,
        0.8745763718625639,
        0.5960789646512791,
        0.21711215447914156,
        0.26086074234125656,
        0.30647392027787357,
        0.48302640362125127,
        0.7827356892836688,
        0.9510948102953004,
        0.9451752006873839,
        0.7654173623485707,
        0.8458199621624404,
        0.7418098751646379,
        0.6784117329680943,
        0.5183166451110951,
        0.1396879313422742,
        0.7489721039259837,
        0.6036542844731015,
        0.3394187098941548,
        0.4207551639875491,
        0.7553665991613937,
        0.4912406623554174,
        0.4304233422819689,
        0.13269275329746477,
        0.29806517593771653,
        0.8298947254476364,
        0.5351175233653823,
        0.7890488126667802,
        0.9231941536202312,
        0.4546107977236933,
        0.4965283687748192,
        0.9234247964863779,
        0.996062801860895,
        0.6192914020841735,
        0.8545478100348649,
        0.4597992483765697,
        0.9604681714156124,
        0.717139711534985,
        0.6891053732931951,
        0.5099483670300213,
        0.6654947479745705,
        0.7253937680518803,
        0.7082621549139553,
        0.4399953338352155
    ],
    [
        0.7422737550773173,
        0.24560108718692886,
        0.19918055653649236,
        0.27338792411109847,
        0.24342630899832196,
        0.12801216077464916,
        0.4238443804663501,
        0.07788219447149225,
        0.9953180126815667,
        0.8672431174801851,
        0.8404891023765699,
        0.4100423620195349,
        0.0,
        0.0034700949807380255,
        0.29823748069134015,
        0.4901189538042545,
        0.03267738459104286,
        0.5593128325958857,
        0.7930180646467466,
        0.5540011849513957,
        0.9981734378196114,
        0.3692946672908226,
        0.38502330432128307,
        0.8139538811991676,
        0.6306587636770665,
        0.8223559137440044,
        0.5915987012422455,
        0.010677889755874803,
        0.24007604178086805,
        0.9665961101184074,
        0.12368640104120288,
        0.24959941750215398,
        0.8227796708933813,
        0.5231698634886343,
        0.2485536764013755,
        0.6115869153052242,
        0.634874109252647,
        0.8392113922483401,
        0.007437326106354281,
        0.5457748832682515,
        0.9814414826137741,
        0.08294654190580897,
        0.7007024623741073,
        0.33796639998241496,
        0.8595573778597975,
        0.21499934563850165,
        0.25041035074935925,
        0.9188957542000726,
        0.07954603024904305,
        0.4269284476504539,
        0.4164935220215218,
        0.7227884133634156,
        0.02377831136854014,
        0.6672863258345333,
        0.8837244654115278,
        0.405819741356206,
        0.4813141334871299,
        0.6650278441351465,
        0.8488970508984581,
        0.05254198770395446,
        0.7726157602112289,
        0.09239529447709849,
        0.42051625955669236,
        0.6545933713198414,
        0.851822420345141,
        0.29505166622840306,
        0.48320754598993887,
        0.9885192135272869,
        0.9604052773043787,
        0.5229201938315357,
        0.6437170516584738,
        0.9929908844728501,
        0.3832832758991056,
        0.6199419936684251,
        0.45767581157382,
        0.5142941174542234,
        0.8327462972371087,
        0.6526031062557731,
        0.03841165986661044,
        0.5825829143666714,
        0.8260422624236641,
        0.8979681326848643,
        0.7386059777767302,
        0.7829974956230271,
        0.8988045370586535,
        0.2667435747362997,
        0.7672143702470395,
        0.5135279120292353,
        0.6487448986086236,
        0.7538245341498239,
        0.4245995738415941,
        0.9284029612215721,
        0.05813186655436331,
        0.9011054669252627,
        0.6733749170678459,
        0.5840999372282816,
        0.040304838551500244,
        0.6889315421629754,
        0.5119564985563668,
        0.22533535703827834
    ],
    [
        0.5679884315925399,
        0.06340705929762136,
        0.7071458794318282,
        0.623353380501083,
        0.13523756621638905,
        0.024796743240447783,
        0.9125143533680825,
        0.2346657178614786,
        0.7863503409206826,
        0.14731245887169186,
        0.5270829391845102,
        0.38101253518473077,
        0.0034700949807380255,
        0.0,
        0.380020591909479,
        0.013671679104747758,
        0.5940888375275157,
        0.22400076244917433,
        0.18215864665241888,
        0.9287613568922096,
        0.5874453852879559,
        0.7513191776039037,
        0.503475750286282,
        0.5798391142731406,
        0.7887606551808328,
        0.3363182274752834,
        0.6707597425210783,
        0.2965822923376059,
        0.9275598027685616,
        0.2564193966279976,
        0.6123812813975861,
        0.8471093335330626,
        0.27852705435946457,
        0.28167255431203664,
        0.518163033701372,
        0.6822927087302687,
        0.4218378568736263,
        0.9806185164136147,
        0.26702082215922796,
        0.12266204895050925,
        0.6258335303424671,
        0.9155414519067382,
        0.6358390180262224,
        0.03713630594588013,
        0.22727293992834463,
        0.45517759506496736,
        0.5626073013650708,
        0.7845819788167118,
        0.9142485243791344,
        0.8767820143140433,
        0.9740027688881543,
        0.19679533366427615,
        0.9912104171181125,
        0.1473030138478416,
        0.9989952782959598,
        0.5000390763937912,
        0.3471699401581855,
        0.9034669258277632,
        0.9318045788049899,
        0.9488327952189249,
        0.6466032922313559,
        0.04818190406982392,
        0.9155519862515328,
        0.9902721242217677,
        0.9519975819312719,
        0.8149795013579652,
        0.1472735715288418,
        0.8630989411723624,
        0.6692452137926266,
        0.4949577119654419,
        0.3499045717940892,
        0.11356778522412048,
        0.8893145972385703,
        0.16347754852850227,
        0.7986646373171408,
        0.3122587445081956,
        0.6444713263101122,
        0.5005899726314211,
        0.16432472059567937,
        0.6833280822686039,
        0.6727003548209296,
        0.9571161927785546,
        0.7695165602697648,
        0.11199255955168319,
        0.8350355195127234,
        0.4056168698587044,
        0.4033683815077168,
        0.5412081144803886,
        0.9207444157721344,
        0.3807675171977667,
        0.045968642437619556,
        0.8748252714294257,
        0.485156214731858,
        0.8551718108606233,
        0.31345195544843574,
        0.015512335680576084,
        0.3528396430279924,
        0.015556899354436049,
        0.4173575549722802,
        0.1926626516845229
    ],
    [
        0.8754750935346846,
        0.15838161167890197,
        0.38149059952026076,
        0.5837071607135484,
        0.9967640945274844,
        0.040891944662414526,
        0.4377596738881542,
        0.10265571900621984,
        0.09684239914379189,
        0.07075901389536499,
        0.9671007274605391,
        0.8329555702717099,
        0.29823748069134015,
        0.380020591909479,
        0.0,
        0.9903728776371922,
        0.22347438548453835,
