[
    [
        [
            0.0,
            0.0,
            0.0,
            0.0,
            0.0,
            0.0,
            0.0
        ],
        [
            0.0,
            0.0,
            0.0,
            0.0,
            0.0,
            0.0,
            0.0
        ],
        [
            0.0,
            0.0,
            0.0,
            0.0,
            0.0,
            0.0,
            0.0
        ],
        [
            0.0,
            0.0,
            0.0,
            0.0,
            0.0,
            0.0,
            0.0
        ],
        [
            0.0,
            0.0,
            0.0,
            0.0,
            0.0,
            0.0,
            0.0
        ],
        [
            0.0,
            0.0,
            0.0,
            0.0,
            0.0,
            0.0,
            0.0
        ],
        [
            0.0,
            0.0,
            0.0,
            0.0,
            0.0,
            0.0,
            0.0
        ]
    ],
    [
        [
            0.0,
            1.64,
            1.05,
            1.09,
            1.43,
            0.91,
            1.7
        ],
        [
            1.64,
            0.0,
            0.59,
            0.37,
            1.12,
            0.24,
            1.79
        ],
        [
            1.05,
            0.59,
            0.0,
            0.93,
            1.02,
            1.35,
            1.65
        ],
        [
            1.09,
            0.37,
            0.93,
            0.0,
            1.65,
            0.19,
            1.52
        ],
        [
            1.43,
            1.12,
            1.02,
            1.65,
            0.0,
            1.04,
            0.7
        ],
        [
            0.91,
            0.24,
            1.35,
            0.19,
            1.04,
            0.0,
            1.57
        ],
        [
            1.7,
            1.79,
            1.65,
            1.52,
            0.7,
            1.57,
            0.0
        ]
    ],
    [
        [
            0.0,
            5.56,
            3.54,
            3.68,
            4.85,
            3.08,
            5.73
        ],
        [
            5.56,
            0.0,
            1.98,
            1.24,
            3.79,
            0.82,
            6.04
        ],
        [
            3.54,
            1.98,
            0.0,
            3.15,
            3.43,
            4.56,
            5.56
        ],
        [
            3.68,
            1.24,
            3.15,
            0.0,
            5.59,
            0.64,
            5.13
        ],
        [
            4.85,
            3.79,
            3.43,
            5.59,
            0.0,
            3.51,
            2.35
        ],
        [
            3.08,
            0.82,
            4.56,
            0.64,
            3.51,
            0.0,
            5.3
        ],
        [
            5.73,
            6.04,
            5.56,
            5.13,
            2.35,
            5.3,
            0.0
        ]
    ],
    [
        [
            0.0,
            8.06,
            5.14,
            5.35,
            7.03,
            4.47,
            8.32
        ],
        [
            8.06,
            0.0,
            2.88,
            1.8,
            5.49,
            1.18,
            8.76
        ],
        [
            5.14,
            2.88,
            0.0,
            4.58,
            4.98,
            6.62,
            8.07
        ],
        [
            5.35,
            1.8,
            4.58,
            0.0,
            8.12,
            0.94,
            7.45
        ],
        [
            7.03,
            5.49,
            4.98,
            8.12,
            0.0,
            5.1,
            3.41
        ],
        [
            4.47,
            1.18,
            6.62,
            0.94,
            5.1,
            0.0,
            7.68
        ],
        [
            8.32,
            8.76,
            8.07,
            7.45,
            3.41,
            7.68,
            0.0
        ]
    ],
    [
        [
            0.0,
            7.66,
            4.88,
            5.08,
            6.68,
            4.25,
            7.9
        ],
        [
            7.66,
            0.0,
            2.73,
            1.71,
            5.22,
            1.12,
            8.32
        ],
        [
            4.88,
            2.73,
            0.0,
            4.35,
            4.73,
            6.29,
            7.66
        ],
        [
            5.08,
            1.71,
            4.35,
            0.0,
            7.71,
            0.89,
            7.07
        ],
        [
            6.68,
            5.22,
            4.73,
            7.71,
            0.0,
            4.84,
            3.24
        ],
        [
            4.25,
            1.12,
            6.29,
            0.89,
            4.84,
            0.0,
            7.3
        ],
        [
            7.9,
            8.32,
            7.66,
            7.07,
            3.24,
            7.3,
            0.0
        ]
    ],
    [
        [
            0.0,
            7.31,
            4.66,
            4.85,
            6.38,
            4.06,
            7.55
        ],
        [
            7.31,
            0.0,
            2.61,
            1.63,
            4.98,
            1.07,
            7.95
        ],
        [
            4.66,
            2.61,
            0.0,
            4.15,
            4.52,
            6.01,
            7.32
        ],
        [
            4.85,
            1.63,
            4.15,
            0.0,
            7.36,
            0.85,
            6.76
        ],
        [
            6.38,
            4.98,
            4.52,
            7.36,
            0.0,
            4.63,
            3.1
        ],
        [
            4.06,
            1.07,
            6.01,
            0.85,
            4.63,
            0.0,
            6.97
        ],
        [
            7.55,
            7.95,
            7.32,
            6.76,
            3.1,
            6.97,
            0.0
        ]
    ],
    [
        [
            0.0,
            1.0,
            0.64,
            0.66,
            0.87,
            0.56,
            1.03
        ],
        [
            1.0,
            0.0,
            0.36,
            0.22,
            0.68,
            0.15,
            1.09
        ],
        [
            0.64,
            0.36,
            0.0,
            0.57,
            0.62,
            0.82,
            1.0
        ],
        [
            0.66,
            0.22,
            0.57,
            0.0,
            1.01,
            0.12,
            0.93
        ],
        [
            0.87,
            0.68,
            0.62,
            1.01,
            0.0,
            0.63,
            0.42
        ],
        [
            0.56,
            0.15,
            0.82,
            0.12,
            0.63,
            0.0,
            0.96
        ],
        [
            1.03,
            1.09,
            1.0,
            0.93,
            0.42,
            0.96,
            0.0
        ]
    ],
    [
        [
            0.0,
            2.73,
            1.74,
            1.81,
            2.39,
            1.52,
            2.82
        ],
        [
            2.73,
            0.0,
            0.98,
            0.61,
            1.86,
            0.4,
            2.97
        ],
        [
            1.74,
            0.98,
            0.0,
            1.55,
            1.69,
            2.25,
            2.74
        ],
        [
            1.81,
            0.61,
            1.55,
            0.0,
            2.75,
            0.32,
            2.53
        ],
        [
            2.39,
            1.86,
            1.69,
            2.75,
            0.0,
            1.73,
            1.16
        ],
        [
            1.52,
            0.4,
            2.25,
            0.32,
            1.73,
            0.0,
            2.61
        ],
        [
            2.82,
            2.97,
            2.74,
            2.53,
            1.16,
            2.61,
            0.0
        ]
    ],
    [
        [
            0.0,
            1.49,
            0.95,
            0.99,
            1.3,
            0.83,
            1.54
        ],
        [
            1.49,
            0.0,
            0.53,
            0.33,
            1.02,
            0.22,
            1.62
        ],
        [
            0.95,
            0.53,
            0.0,
            0.85,
            0.92,
            1.23,
            1.5
        ],
        [
            0.99,
            0.33,
            0.85,
            0.0,
            1.5,
            0.17,
            1.38
        ],
        [
            1.3,
            1.02,
            0.92,
            1.5,
            0.0,
            0.95,
            0.63
        ],
        [
            0.83,
            0.22,
            1.23,
            0.17,
            0.95,
            0.0,
            1.42
        ],
        [
            1.54,
            1.62,
            1.5,
            1.38,
            0.63,
            1.42,
            0.0
        ]
    ],
    [
        [
            0.0,
            4.9,
            3.12,
            3.25,
            4.27,
            2.72,
            5.05
        ],
        [
            4.9,
            0.0,
            1.75,
            1.09,
            3.34,
            0.72,
            5.32
        ],
        [
            3.12,
            1.75,
            0.0,
            2.78,
            3.02,
            4.02,
            4.9
        ],
        [
            3.25,
            1.09,
            2.78,
            0.0,
            4.93,
            0.57,
            4.52
        ],
        [
            4.27,
            3.34,
            3.02,
            4.93,
            0.0,
            3.1,
            2.07
        ],
        [
            2.72,
            0.72,
            4.02,
            0.57,
            3.1,
            0.0,
            4.67
        ],
        [
            5.05,
            5.32,
            4.9,
            4.52,
            2.07,
            4.67,
            0.0
        ]
    ]
]